kinematics:
  shoulder:
    x: 0
    y: 0
    z: 0.180604088534857
    roll: -0
    pitch: 0
    yaw: 1.876362418686689e-07
  upper_arm:
    x: -0.0001233316771737293
    y: 0
    z: 0
    roll: 1.570065172951407
    pitch: 0
    yaw: 4.283566699117093e-06
  forearm:
    x: -0.6123311709635078
    y: 0
    z: 0
    roll: 0.0008594239187717705
    pitch: 0.0003400346469848688
    yaw: -7.408640577666833e-07
  wrist_1:
    x: -0.5714285603320315
    y: 5.625789539967561e-05
    z: 0.174185923128869
    roll: 3.141269677470753
    pitch: -3.140316006657367
    yaw: 3.141589687714114
  wrist_2:
    x: 5.30681286476425e-05
    y: -0.119913545682328
    z: 3.245663164805337e-05
    roll: 1.570525659868397
    pitch: 0
    yaw: 6.618370313130756e-07
  wrist_3:
    x: 1.326730523032931e-06
    y: 0.1154697036195199
    z: 0.0001391350944209498
    roll: 1.572001275129592
    pitch: 3.141592653589793
    yaw: 3.141592561999934
  hash: calib_966469343817857625